			29																																																										24		27											27											26											22											28											27											28											26									
			27																																																										24		27											26											26											22											26											26											28											26									
			26																																																										24		27											25											24											21											26											26											24											26									
			26																																																										23		24											24											21											21											25											26											24											26									
			26																																																										22		24											22											20											21											25											24											22											26									
			26																																																										21		24											23											20											21											25											22											20											24									
			25																																																										21		23											24											20											21											25											22											20											24									
			22																																																										21		22											24											20											19											25											20											23											24									
			21																																																										20		22											24											20											19											25											19											22											24									
			21																																																										18		22											24											19											18											23											16											21											23									
			21																																																										18		21											24											19											18											21											15											20											22									
			20																																																										18		20											24											19											18											20											15											19											20									
			20																																																										18		20											19											19											17											20											15											18											20									
			20																																																										17		19											18											18											17											20											15											18											18									
			19																																																										16		19											18											16											17											19											15											17											18									
			19																																																										15		19											23											16											17											19											15											14											18									
			17																																																										15		18											23											15											17											18											15											13											18									
			16																																																										13		18											21											14											17											15											15											13											18									
			15																																																										12		18											13											14											15											15											15											12											18									
			13																																																										12		18											12											14											15											15											15											14											16									
			13																																																										11		17											15											14											15											15											15											12											16									
			13																																																										11		16											10											14											15											14											15											12											16									
			13																																																										11		16											12											14											14											14											14											12											16									
			13																																																										10		16											8											13											11											14											14											10											16									
			13																																																										10		16											8											14											10											11											11											10											15									
			13																																																										10		16											8											12											10											11											11											10											14									
			12																																																										10		15											8											10											10											11											10											10											14									
			12																																																										10		15											8											10											10											12											9											10											14									
			12																																																										9		14											8											10											10											12											9											10											12									
			11																																																										8		14											8											10											10											12											9											10											12									
			11																																																										10		14											8											10											10											12											9											10											12									
			8																																																										10		13											8											10											10											12											9											10											12									
			8																																																										7		12											8											10											10											11											8											10											10									
			8																																																										7		12											7											10											10											10											8											10											10									
			8																																																										7		12											7											8											10											10											8											9											9									
			8																																																										7		12											7											8											10											8											8											9											9									
			6																																																										7		12											7											8											10											8											7											8											8									
			6																																																										7		10											7											7											10											3											7											8											6									
			6																																																										7		10											7											6											10											3											7											8											5									
			6																																																										7		10											6											6											10											3											7											6											5									
			6																																																										7		9											6											10											8											3											7											6											5									
			6																																																										7		3											6											4											8											3											7											6											5									
			5																																																										7		3											6											3											8											3											7											6											3									
			5																																																										7		3											6											3											11											3											7											6											3									
			5																																																										7		3											6											3											11											3											5											9											3									
			4																																																										7		3											6											3											11											3											5											9											3									
			4																																																										7		3											6											3											11											3											5											9											3									
			4																																																										7		3											6											3											11											3											5											9											3									
			4																																																										7		3											6											3											11											3											5											7											3									
			4																																																										7		3											6											3											11											3											5											7											3									
			4																																																										7		3											5											3											11											3											5											3											3									
			4																																																										6		3											5											3											11											3											5											3											3									
			4																																																										6		3											5											3											11											3											4											3											3									
			4																																																										6		3											5											3											11											3											4											3											3									
			4																																																										5		3											4											3											3											3											4											3											3									
			4																																																										5		3											4											3											3											3											4											3											3									
			4																																																										3		3											4											3											3											3											4											3											3									
			4																																																										3		3											4											3											3											3											4											3											3									
			4																																																										3		3											4											3											3											3											3											3											3									
			4																																																										3		3											3											3											3											3											3											3											3									
			4																																																										3		3											3											3											3											3											3											3											3									
			3																																																										3		3											3											3											3											3											3											3											3									
			3																																																										3		3											3											3											3											3											3											3											3									
			3																																																										3		3											3											3											3											3											3											3											3									
			3																																																										3		3											3											3											3											3											3											3											3									
			3																																																										3		3											3											3											3											3											3											3											3									
			3																																																										3		3											3											3											3											3											3											3											3									
			3																																																										3		3											3											3											3											3											3											3											3									
			3																																																										3		3											3											3											3											3											3											3											3									
			3																																																										3		3											3											3											3											3											3											3											3									
			3																																																										3		3											3											3											3											3											3											3											3									
			3																																																										3		3											3											3											3											3											3											3											3									
			3																																																										3		3											3											3											3											3											3											3											3									
			3																																																										3		3											3											3											3											3											3											3											3									
			3																																																										3		3											3											3											3											3											3											3											3									
			3																																																										3		3											3											3											3											3											3											3											3									
			3																																																										3		3											3											3											3											3											3											3											3									
			3																																																										3		3											3											3											3											3											3											3											3									
			3																																																										3		3											3											3											3											3											3											3											3									
			3																																																										3		3											3											3											3											3											3											3											3									
			3																																																										3		3											3											3											3											3											3											3											3									
			3																																																										3		3											3											3											3											3											3											3											3									
			3																																																										3		3											3											3											3											3											3											3											3									
			3																																																										3		3											3											3											3											3											3											3											3									
			3																																																										3		3											3											3											3											3											3											3											3									
			3																																																										3		3											3											3											3											3											3											3											3									
			3																																																										3		3											3											3											3											3											3											3											3									
			3																																																										3		3											3											3											3											3											3											3											3									
			3																																																										3		3											3											3											3											3											3											3											3									
			3																																																										3		3											3											3											3											3											3											3											3									
			3																																																										3		3											3											3											3											3											3											3											3									
			3																																																										3		3											3											3											3											3											3											3											3									
			3																																																										3		3											3											3											3											3											3											3											3									
			3																																																										3		3											3											3											3											3											3											3											3									
			3																																																										3		3											3											3											3											3											3											3											3									
			3																																																										3		3											3											3											3											3											3											3											3									
			3																																																										3		3											3											3											3											3											3											3											3									
			3																																																										3		3											3											3											3											3											3											3											3									
			3																																																										3		3											3											3											3											3											3											3											3									
			3																																																										3		3											3											3											3											3											3											3											3									
