26.4	8.7
25.8	8.7
24.9	9
24	8.8
23.2	8.9
22.6	8.3
22.5	8.3
22	7.5
21.6	7.4
20.5	7.7
19.9	7.7
19.3	8
18.6	8.3
18	8.4
17.4	8.8
17.5	8.1
16.9	7.8
16	8.1
14.7	8.5
14.4	8.5
14.3	8.3
13.6	8.7
13.6	8.5
12.5	9.2
11.8	8.8
11.5	8.6
11	8.6
11	8.4
10.6	8.1
10.4	8.1
10.6	7.5
10.2	7.6
9.4	7.6
9.2	7.5
8.8	7.6
8.6	7.6
8.1	7.3
7.1	7.8
6.9	7.8
6.6	7.6
6.7	7.1
5.5	8
5.1	8.3
5.4	7.8
5.5	7.6
5.4	7.6
5.4	7.5
5.4	7.4
5.2	7.5
5.2	7.4
4.7	7.8
4.6	7.9
4.5	7.9
4.5	7.9
3.5	8.9
3.5	8.8
3.3	8.9
3.3	8.9
3.2	8.8
3.1	8.8
3.1	8.8
3	8.8
3	8.7
3	8.6
3	8.6
3	8.6
3	8.6
3	8.5
3	8.5
3	8.4
3	8.3
3	8.3
3	8.3
3	8.3
3	8.3
3	8.2
3	8.2
3	8.2
3	8.2
3	8.1
3	8.1
3	7.9
3	7.9
3	7.8
3	7.6
3	7.6
3	7.6
3	7.6
3	7.5
3	7.4
3	7.2
3	7.2
3	7.1
3	7.1
3	7.1
3	7
3	7
3	7
3	6.8
3	6.8
