			27																																																										24		27											24											25											27											26											23											29											25									
			25																																																										25		24											24											21											26											24											22											23											22									
			24																																																										24		27											24											22											27											28											24											27											21									
			25																																																										23		24											24											20											26											27											25											23											25									
			26																																																										22		25											23											20											22											25											26											22											25									
			25																																																										23		24											20											22											22											24											27											27											25									
			26																																																										22		22											20											21											24											27											26											23											21									
			25																																																										22		24											19											20											21											26											27											22											20									
			22																																																										21		22											18											21											21											27											24											23											21									
			19																																																										19		24											19											22											21											26											25											23											22									
			18																																																										22		25											17											23											21											20											24											22											21									
			18																																																										22		22											18											24											20											19											24											21											22									
			22																																																										22		21											18											24											19											20											22											22											23									
			21																																																										22		20											17											23											20											22											21											23											20									
			18																																																										19		21											17											24											17											21											22											22											21									
			19																																																										20		22											17											23											18											22											21											23											22									
			18																																																										20		23											19											24											17											23											22											24											19									
			19																																																										20		24											18											22											16											21											23											24											20									
			18																																																										20		25											17											20											17											19											23											25											19									
			18																																																										19		25											14											18											20											18											21											26											16									
			18																																																										18		24											15											19											20											17											21											25											15									
			18																																																										17		21											14											18											20											19											20											24											16									
			18																																																										17		20											16											17											20											18											19											19											15									
			15																																																										16		21											17											18											18											19											18											20											16									
			15																																																										17		21											17											21											17											19											19											21											15									
			16																																																										17		17											15											20											15											17											18											22											13									
			15																																																										16		18											16											19											15											16											19											21											16									
			14																																																										16		19											15											19											18											18											17											22											13									
			17																																																										18		19											16											19											14											16											18											21											16									
			18																																																										17		19											17											18											13											18											17											22											13									
			19																																																										16		17											17											19											14											18											18											22											13									
			19																																																										16		19											16											18											12											18											17											22											12									
			15																																																										16		15											17											17											13											17											13											22											12									
			19																																																										17		17											17											15											16											19											16											20											13									
			18																																																										18		14											17											15											17											15											14											19											17									
			18																																																										13		15											15											14											18											19											14											18											16									
			17																																																										12		16											16											15											16											18											14											19											17									
			18																																																										13		15											16											14											17											14											15											18											17									
			17																																																										14		16											16											14											16											13											15											19											17									
			16																																																										15		15											15											14											17											16											14											20											13									
			15																																																										12		14											14											11											16											15											15											20											15									
			14																																																										13		12											14											12											13											16											15											19											16									
			13																																																										14		14											13											15											12											16											15											18											15									
			14																																																										12		15											14											13											12											16											14											14											16									
			15																																																										13		16											14											14											12											17											13											13											16									
			14																																																										12		15											14											12											12											16											13											13											16									
			13																																																										13		14											12											11											11											16											11											12											16									
			12																																																										12		13											13											12											12											17											11											12											16									
			13																																																										11		12											13											12											12											14											11											11											15									
			12																																																										12		13											13											13											12											13											12											12											16									
			12																																																										12		12											13											13											11											14											12											13											15									
			11																																																										12		12											12											12											12											15											11											14											16									
			12																																																										12		12											12											11											11											14											12											14											16									
			11																																																										11		12											11											12											12											15											12											13											16									
			10																																																										12		12											12											12											12											16											12											16											15									
			11																																																										11		12											13											12											11											14											12											15											15									
			10																																																										10		11											12											13											12											12											12											12											16									
			9																																																										12		12											11											13											11											12											11											13											13									
			13																																																										12		11											12											12											12											12											12											12											14									
			12																																																										12		11											13											12											12											10											10											12											15									
			13																																																										13		10											12											12											11											12											12											11											15									
			14																																																										14		12											13											12											12											15											11											11											15									
			14																																																										14		11											13											11											12											15											12											11											13									
			14																																																										13		11											13											12											13											10											11											12											14									
			14																																																										13		11											13											12											12											12											13											12											14									
			12																																																										12		12											13											12											13											12											12											13											14									
			12																																																										12		11											12											13											13											12											13											12											15									
			11																																																										13		12											12											12											10											12											13											12											11									
			13																																																										13		10											11											12											12											13											13											12											11									
			11																																																										12		11											12											12											12											13											13											12											13									
			12																																																										12		10											13											12											12											14											12											12											14									
			12																																																										11		11											13											12											13											13											13											12											11									
			12																																																										13		12											12											12											12											12											11											12											12									
			13																																																										12		11											13											12											11											11											12											11											12									
			13																																																										12		11											14											11											12											12											12											11											12									
			13																																																										12		10											13											12											11											13											14											12											13									
			12																																																										12		10											13											11											12											12											13											12											12									
			12																																																										12		11											11											12											11											11											13											12											13									
			12																																																										12		9											12											12											11											12											12											12											12									
			12																																																										11		10											12											10											12											11											12											11											11									
			13																																																										12		10											12											11											13											11											13											13											12									
			12																																																										12		11											12											11											13											11											13											12											12									
			13																																																										13		12											12											10											13											12											13											12											11									
			11																																																										13		12											11											12											13											12											12											12											12									
			10																																																										12		12											12											11											12											13											15											12											13									
			11																																																										13		11											11											12											13											13											14											13											12									
			11																																																										12		12											12											12											12											13											13											13											11									
			11																																																										11		11											12											12											13											12											12											14											11									
			10																																																										12		11											12											12											12											13											12											13											12									
			12																																																										12		13											13											12											12											12											12											13											12									
			11																																																										13		14											12											13											12											12											11											13											12									
			12																																																										13		12											11											12											12											11											12											12											13									
			13																																																										12		13											12											11											12											12											12											13											13									
			13																																																										12		14											11											12											13											12											11											12											12									
			14																																																										12		15											12											14											13											12											12											13											13									
			14																																																										12		14											13											13											13											11											11											12											12									
			14																																																										12		13											14											11											11											11											10											11											11									
			13																																																										13		12											14											11											12											12											12											12											12									
			13																																																										14		12											13											10											12											12											11											13											13									
			12																																																										12		13											12											11											11											12											12											12											12									
