25.7	8.4
23.6	9.7
24.8	8.6
24.2	8.5
23.6	8.6
23.9	8
23.2	8.6
22.6	8.7
22	9.2
22	8.5
21.3	9.1
21	9
21.3	8.9
20.9	8.7
20.2	9.2
20.7	8.9
20.9	8.8
20.7	8.4
20.3	8.7
19.5	8.5
19.2	8.2
18.7	8.1
17.9	8.6
17.8	9
18.2	8.8
17	9.5
17.1	8.8
17.1	8.7
17.4	8.2
17.2	8.7
17.3	8.4
16.9	7.9
15.7	8.7
16.9	7.6
16.4	7.9
16	7.9
16	7.9
15.7	8.6
15.7	8.4
15.5	9
14.7	9
14.4	8.7
14.5	8.8
14	9.7
14.3	9.8
13.7	9.2
12.9	9.2
13	9.6
12.4	9.9
12.8	9.3
12.7	9.5
12.7	9.4
12.6	9.4
12.5	9.5
12.9	9.6
12.6	9.3
12	9.5
11.7	9.5
12.2	9.2
11.9	9.5
12.1	9.5
12.9	9.5
12.6	9.2
12.3	9.7
12.6	9.4
12.5	9.5
12.5	9.2
11.8	9.8
12	9.4
12.1	9.3
12.3	8.9
12.1	9.5
12	9.6
11.8	9.6
12	9.3
12.3	9
11.9	9.3
11.8	9.3
11.6	9.4
11.2	9.6
12	9.3
11.9	9.4
12.1	9.1
12	9.2
12.2	9.2
12.3	9.4
12.1	9.5
11.9	9.2
11.9	9.4
12.3	9.5
12.3	9.6
12	9.3
12.3	9.6
12.2	9.2
13	9
12.5	9.6
11.8	9.6
12.3	9.4
12.3	9.3
11.9	9.8
