8.58
8.7
8.78
8.88
8.72
8.88
8.88
8.9
8.88
8.92
9.08
9.14
9.2
9.18
9.12
9.24
9.3
9.3
9.3
9.34
9.4
9.38
9.32
9.26
9.28
9.22
9.22
9.36
9.24
9.38
9.4
9.4
9.44
9.42
9.5
9.6
9.78
9.78
9.9
10.04
10
10.14
10.08
10.16
10.2
10.08
10.06
10.22
10.18
10.28
10.44
10.54
10.56
10.44
10.42
10.22
10.34
10.26
10.42
10.36
10.44
10.38
10.52
10.42
10.34
10.16
10.02
10
10.18
10.2
10.02
10.08
10.48
10.42
10.44
10.46
10.6
10.6
10.38
10.44
10.34
10.42
10.42
10.52
10.62
10.72
10.62
10.56
10.58
10.6
10.56
10.6
10.38
10.5
10.52
10.58
10.46
10.58
10.68
10.76
