			23																																																										25		27											21											27											24											27											27											24											28									
			23																																																										25		27											25											27											25											26											27											24											28									
			23																																																										25		27											25											25											25											26											27											24											28									
			23																																																										25		27											25											25											25											26											24											24											26									
			23																																																										25		25											25											25											25											26											24											24											26									
			23																																																										25		25											25											25											25											25											23											23											26									
			25																																																										25		25											25											25											25											22											23											23											26									
			22																																																										25		25											25											25											22											22											22											23											24									
			20																																																										25		25											25											25											22											20											21											21											24									
			19																																																										25		25											24											25											22											20											22											21											18									
			19																																																										25		25											24											25											22											20											22											25											18									
			19																																																										25		25											24											24											22											20											22											25											18									
			22																																																										25		25											24											22											22											20											18											25											18									
			22																																																										25		25											24											22											22											19											19											25											18									
			22																																																										25		25											24											23											22											19											19											20											18									
			16																																																										25		25											21											21											22											18											17											20											17									
			16																																																										24		22											21											19											21											18											17											20											17									
			16																																																										23		19											21											19											21											18											17											20											17									
			16																																																										23		18											21											19											24											14											17											19											17									
			16																																																										23		18											21											19											24											17											17											19											16									
			16																																																										23		18											18											18											24											17											17											19											16									
			16																																																										23		18											18											18											24											17											17											18											16									
			16																																																										20		14											14											18											24											17											16											17											21									
			16																																																										20		14											14											18											21											17											16											17											18									
			16																																																										17		14											16											18											21											17											16											17											18									
			16																																																										17		21											16											18											16											17											16											17											12									
			16																																																										17		15											18											18											16											17											16											17											12									
			16																																																										17		15											18											18											16											17											16											17											12									
			16																																																										17		15											18											18											16											17											14											17											12									
			16																																																										17		14											18											18											16											14											14											16											12									
			16																																																										17		14											18											18											16											14											14											16											15									
			16																																																										17		14											18											17											16											14											14											16											14									
			16																																																										14		12											18											17											14											14											14											16											14									
			16																																																										14		12											18											17											14											17											14											16											14									
			16																																																										13		12											18											17											14											17											15											16											14									
			16																																																										13		12											18											17											14											17											15											16											14									
			16																																																										18		12											18											17											14											17											13											16											14									
			16																																																										18		18											18											16											18											17											13											16											14									
			16																																																										18		18											18											16											18											17											13											11											14									
			16																																																										18		18											18											16											18											17											13											11											14									
			16																																																										18		18											18											16											18											17											13											11											14									
			16																																																										18		18											18											12											18											17											13											11											14									
			16																																																										18		18											18											12											18											17											13											11											14									
			16																																																										18		18											18											12											18											17											13											11											14									
			16																																																										18		18											18											12											18											17											13											10											14									
			16																																																										18		11											18											12											18											17											12											14											14									
			16																																																										18		11											16											12											18											17											12											14											14									
			16																																																										18		11											16											12											18											17											12											14											14									
			15																																																										18		11											16											12											18											17											11											14											14									
			15																																																										18		11											16											12											18											17											10											7											12									
			15																																																										18		11											16											12											18											17											10											7											12									
			15																																																										18		11											16											12											18											17											13											7											12									
			15																																																										18		11											16											11											18											17											13											7											12									
			15																																																										18		11											16											11											15											17											13											7											12									
			15																																																										18		11											16											8											15											17											13											7											12									
			15																																																										18		11											14											8											15											17											13											7											12									
			15																																																										18		11											12											8											15											17											13											7											12									
			15																																																										18		11											11											8											15											17											13											7											12									
			15																																																										18		7											11											8											15											17											13											12											12									
			15																																																										18		7											11											10											15											17											13											12											12									
			15																																																										18		7											11											10											15											17											13											12											12									
			15																																																										18		7											11											10											15											17											13											12											12									
			15																																																										18		7											11											10											15											17											13											12											12									
			12																																																										18		7											11											10											15											17											13											12											10									
			12																																																										18		7											11											10											15											17											13											12											10									
			12																																																										17		6											11											10											15											17											13											12											10									
			12																																																										17		6											11											10											15											17											13											12											10									
			12																																																										17		6											11											10											15											17											13											12											10									
			12																																																										17		6											11											10											13											17											13											12											10									
			12																																																										17		9											11											10											13											17											13											12											10									
			12																																																										17		9											11											10											13											17											13											12											10									
			12																																																										17		9											11											10											13											17											13											12											10									
			12																																																										17		9											11											10											13											15											13											12											10									
			12																																																										17		9											11											10											13											15											13											12											10									
			10																																																										17		5											11											10											13											15											13											12											10									
			8																																																										17		5											11											10											13											15											13											12											10									
			8																																																										17		5											11											10											13											15											13											12											10									
			8																																																										17		5											11											10											13											15											13											12											10									
			8																																																										17		3											11											10											13											15											13											12											10									
			8																																																										17		3											11											10											13											13											11											12											10									
			11																																																										17		3											11											3											13											13											11											12											10									
			11																																																										17		3											11											3											13											13											11											12											10									
			11																																																										17		3											11											3											13											13											11											12											10									
			11																																																										17		3											11											3											13											13											11											12											10									
			11																																																										17		3											11											3											13											13											11											10											10									
			11																																																										17		3											11											3											13											13											11											10											10									
			11																																																										17		3											11											3											13											13											11											10											10									
			11																																																										17		3											11											3											13											13											11											10											10									
			11																																																										17		3											11											3											13											13											11											10											10									
			11																																																										17		3											11											3											13											13											11											10											10									
			11																																																										17		3											11											3											13											13											11											10											10									
			11																																																										17		3											11											3											13											13											11											10											10									
			11																																																										17		3											11											3											13											13											11											10											10									
			11																																																										17		3											11											3											13											13											11											10											10									
			11																																																										17		3											11											3											13											13											11											10											10									
			11																																																										17		3											11											3											13											13											11											10											10									
			11																																																										17		3											11											3											13											13											11											10											10									
			11																																																										17		3											11											3											13											13											11											10											10									
			11																																																										17		3											11											3											13											13											11											10											10									
			11																																																										17		3											11											3											13											13											11											10											10									
