25.3	8.5
25.7	7.6
25.5	7.6
25	7.7
24.8	7.6
24.5	7.3
24.4	6.8
23.5	7
22.8	6.9
22.1	6.9
22.5	6.4
22.4	6.3
22.1	6.5
22.1	6.2
21.7	6.3
20.2	6.6
19.5	6.7
19.1	6.7
18.8	6.4
19	6.1
18.6	5.8
18.5	5.7
17.7	5.5
17.1	5.7
17	5.2
16.6	5.1
16.2	5.3
16.2	5.3
16	5.5
15.5	5.2
15.8	4.8
15.6	4.6
14.9	5.1
15.2	4.8
15.2	4.3
15.2	4.3
15.5	3.9
16.4	2.6
15.9	2.9
15.9	2.9
15.9	2.9
15.5	3.2
15.5	3.2
15.5	3.2
15.4	3.1
15	3.1
14.8	3.1
14.8	3.1
14.6	2.9
13.6	3.4
13.6	3.4
13.9	3.1
13.8	3
13.5	3
13.2	3.1
13	3.1
12.8	3.1
12.7	3.1
12.8	2.7
13	2.5
13	2.5
13	2.5
13	2.5
12.5	2.6
12.5	2.6
12.3	2.5
12.3	2.5
12.3	2.5
12.1	2.5
12.4	2.2
12.4	2.2
12.4	2.2
12.2	2.2
12.2	2.2
11.6	2.3
11.4	2.2
11.4	2.2
11.4	2.2
11.2	2.4
10.8	2.4
10.4	2.6
10.4	2.6
10.4	2.6
10.4	2.6
10.2	2.6
10.2	2.6
10.2	2.6
10.2	2.6
10.2	2.6
10.2	2.6
10.2	2.6
10.2	2.6
10.2	2.6
10.2	2.6
10.2	2.6
10.2	2.6
10.2	2.6
10.2	2.6
10.2	2.6
10.2	2.6
