			26																																																										28		23											27											25											27											28											28											25											24									
			26																																																										28		23											27											25											27											28											28											25											24									
			26																																																										28		23											27											25											27											28											28											25											24									
			26																																																										28		23											27											25											27											28											28											25											24									
			26																																																										28		23											27											25											27											28											28											25											24									
			26																																																										28		23											27											25											27											28											28											25											24									
			26																																																										28		23											27											25											27											28											28											25											24									
			26																																																										28		23											27											25											27											28											28											25											24									
			26																																																										28		23											27											25											27											28											28											25											24									
			26																																																										28		23											27											25											27											28											28											25											24									
			26																																																										28		23											27											25											27											28											28											25											24									
			26																																																										28		23											27											25											27											28											28											25											24									
			26																																																										28		23											27											25											27											28											28											25											24									
			26																																																										28		23											27											25											27											28											28											25											24									
			26																																																										28		23											27											25											27											28											28											25											24									
			26																																																										28		23											27											25											27											28											28											25											24									
			26																																																										28		23											27											25											27											28											28											25											24									
			26																																																										28		23											27											25											27											28											28											25											24									
			26																																																										28		23											27											25											27											28											28											25											24									
			26																																																										28		23											27											25											27											28											28											25											24									
			26																																																										28		23											27											25											27											28											28											25											24									
			26																																																										28		23											27											25											27											28											28											25											24									
			26																																																										28		23											26											25											27											28											28											25											24									
			26																																																										28		23											26											25											27											28											26											25											24									
			26																																																										28		23											26											25											27											28											26											25											24									
			26																																																										28		23											26											25											27											28											26											25											24									
			26																																																										28		23											26											25											27											28											26											25											24									
			26																																																										28		23											26											25											27											28											26											25											24									
			26																																																										28		23											26											25											27											28											26											25											24									
			26																																																										28		23											26											25											27											28											26											25											24									
			26																																																										28		23											26											25											27											26											26											25											24									
			26																																																										28		23											26											25											27											26											26											25											24									
			26																																																										28		23											26											25											27											26											26											25											24									
			26																																																										28		23											26											25											27											26											26											25											24									
			26																																																										28		23											26											25											27											26											26											25											24									
			26																																																										28		23											27											25											27											26											26											25											24									
			25																																																										28		23											27											25											27											26											28											25											24									
			25																																																										28		23											27											25											27											26											28											25											24									
			25																																																										28		23											27											25											27											26											28											25											24									
			25																																																										28		23											27											25											27											26											28											25											24									
			25																																																										28		23											27											25											27											26											26											25											24									
			25																																																										28		23											27											26											27											26											26											25											24									
			25																																																										28		23											27											26											27											26											26											25											24									
			25																																																										28		23											27											26											27											26											26											25											24									
			25																																																										28		23											27											26											27											26											26											25											24									
			25																																																										28		23											27											26											27											26											26											25											24									
			25																																																										28		23											27											26											27											26											26											25											24									
			25																																																										28		23											27											26											27											26											26											25											24									
			25																																																										28		23											27											26											27											26											26											25											24									
			25																																																										28		23											27											26											27											26											26											25											24									
			25																																																										28		23											27											26											27											26											26											25											24									
			25																																																										28		23											27											26											27											26											26											25											24									
			25																																																										28		23											27											26											27											26											26											25											24									
			25																																																										28		23											27											26											27											26											26											25											24									
			25																																																										28		23											27											26											27											26											26											25											24									
			25																																																										28		23											27											26											27											26											26											25											24									
			25																																																										28		23											27											26											27											26											26											25											24									
			25																																																										28		23											27											26											27											26											26											25											24									
			25																																																										28		23											27											26											27											26											26											25											24									
			25																																																										28		23											27											26											27											26											26											25											24									
			25																																																										28		23											27											26											27											26											26											25											24									
			25																																																										28		23											27											26											27											26											26											25											24									
			25																																																										28		23											27											26											27											26											26											25											24									
			25																																																										28		23											27											26											27											26											26											25											24									
			25																																																										28		23											27											26											27											26											26											25											24									
			25																																																										28		23											27											26											27											26											26											25											24									
			25																																																										28		23											27											26											27											26											26											25											24									
			25																																																										28		23											27											26											27											26											26											25											24									
			25																																																										28		23											27											26											27											26											26											25											24									
			25																																																										28		23											27											26											27											26											26											25											24									
			25																																																										28		23											27											26											27											26											26											25											24									
			25																																																										28		23											27											26											27											26											26											25											24									
			25																																																										28		23											27											26											27											26											26											25											24									
			25																																																										28		23											27											26											27											26											26											25											24									
			25																																																										28		23											27											26											27											26											26											25											24									
			25																																																										28		23											27											26											27											26											26											25											24									
			25																																																										28		23											27											26											27											26											26											25											24									
			25																																																										28		23											27											26											27											26											26											25											24									
			25																																																										28		23											27											26											27											26											26											25											24									
			25																																																										28		23											27											26											27											26											26											25											24									
			25																																																										28		23											27											26											27											26											26											25											24									
			25																																																										28		23											27											26											27											26											26											25											24									
			25																																																										28		23											27											26											27											26											26											25											24									
			25																																																										28		23											27											26											27											26											26											25											24									
			25																																																										28		23											27											26											27											26											26											25											24									
			25																																																										28		23											27											26											27											26											26											25											24									
			25																																																										28		23											27											26											27											26											26											25											24									
			25																																																										28		23											27											26											27											26											26											25											24									
			25																																																										28		23											27											26											27											26											26											25											24									
			25																																																										28		23											27											26											27											26											26											25											24									
			25																																																										28		23											27											26											27											26											26											25											24									
			25																																																										28		23											27											26											27											26											26											25											24									
			25																																																										28		23											27											26											27											26											26											25											24									
			25																																																										28		23											27											26											27											26											26											25											24									
			25																																																										28		23											27											26											27											26											26											25											24									
			25																																																										28		23											27											26											27											26											26											25											24									
			25																																																										28		23											27											26											27											26											26											25											24									
			25																																																										28		23											27											26											27											26											26											25											24									
			25																																																										28		23											27											26											27											26											26											25											24									
			25																																																										28		23											27											26											27											26											26											25											24									
