26.1	9.1
26.1	9.1
26.1	9.1
26.1	9.1
26.1	9.1
26.1	9.1
26.1	9.1
26.1	9.1
26.1	9.1
26.1	9.1
26.1	9.1
26.1	9.1
26.1	9.1
26.1	9.1
26.1	9.1
26.1	9.1
26.1	9.1
26.1	9.1
26.1	9.1
26.1	9.1
26.1	9.1
26.1	9.1
26	9.1
25.8	9.1
25.8	9.1
25.8	9.1
25.8	9.1
25.8	9.1
25.8	9.1
25.8	9.1
25.6	9
25.6	9
25.6	9
25.6	9
25.6	9
25.7	8.9
25.8	8.8
25.8	8.8
25.8	8.8
25.8	8.7
25.6	8.6
25.7	8.4
25.7	8.4
25.7	8.4
25.7	8.4
25.7	8.4
25.7	8.4
25.7	8.4
25.7	8.4
25.7	8.4
25.7	8.4
25.7	8.4
25.7	8.4
25.7	8.4
25.7	8.4
25.7	8.4
25.7	8.4
25.7	8.4
25.7	8.4
25.7	8.4
25.7	8.4
25.7	8.4
25.7	8.4
25.7	8.4
25.7	8.4
25.7	8.4
25.7	8.4
25.7	8.4
25.7	8.4
25.7	8.4
25.7	8.4
25.7	8.4
25.7	8.4
25.7	8.4
25.7	8.4
25.7	8.4
25.7	8.4
25.7	8.4
25.7	8.4
25.7	8.4
25.7	8.4
25.7	8.4
25.7	8.4
25.7	8.4
25.7	8.4
25.7	8.4
25.7	8.4
25.7	8.4
25.7	8.4
25.7	8.4
25.7	8.4
25.7	8.4
25.7	8.4
25.7	8.4
25.7	8.4
25.7	8.4
25.7	8.4
25.7	8.4
25.7	8.4
25.7	8.4
